0 0 0 0 
1 1 1 1 
2 2 1 1 
3 3 2 2 
4 4 2 2 
5 5 3 3 
6 6 3 3 
7 7 4 4 
8 8 4 4 
9 8 5 5 
10 9 6 6 
11 10 6 6 
12 11 7 7 
13 12 7 7 
14 13 8 8 
15 14 8 8 
16 15 9 9 
17 16 9 9 
18 17 10 10 
19 18 11 11 
20 19 11 11 
21 20 12 12 
22 21 12 12 
23 22 13 13 
24 23 13 13 
25 24 14 14 
26 25 15 15 
27 26 15 15 
28 26 16 16 
29 27 16 16 
30 28 17 17 
31 29 17 17 
32 30 18 18 
33 31 19 19 
34 32 19 19 
35 33 20 20 
36 34 20 20 
37 35 21 21 
38 36 22 22 
39 37 22 22 
40 38 23 23 
41 39 23 23 
42 40 24 24 
43 41 25 25 
44 42 25 25 
45 43 26 26 
46 44 26 26 
47 45 27 27 
48 46 28 28 
49 47 28 28 
50 48 29 29 
51 49 30 30 
52 49 30 30 
53 50 31 31 
54 51 32 32 
55 52 32 32 
56 53 33 33 
57 54 34 34 
58 55 34 34 
59 56 35 35 
60 57 36 36 
61 58 36 36 
62 59 37 37 
63 60 38 38 
64 61 38 38 
65 62 39 39 
66 63 40 40 
67 64 41 41 
68 65 41 41 
69 66 42 42 
70 67 43 43 
71 68 44 44 
72 69 45 45 
73 70 45 45 
74 71 46 46 
75 72 47 47 
76 73 48 48 
77 74 49 49 
78 75 50 50 
79 76 50 50 
80 77 51 51 
81 78 52 52 
82 79 53 53 
83 80 54 54 
84 81 55 55 
85 82 56 56 
86 83 57 57 
87 84 58 58 
88 85 59 59 
89 86 60 60 
90 87 61 61 
91 88 62 62 
92 89 63 63 
93 90 64 64 
94 91 66 66 
95 92 67 67 
96 93 68 68 
97 94 69 69 
98 95 70 70 
99 96 72 72 
100 97 73 73 
101 98 74 74 
102 99 76 76 
103 100 77 77 
104 101 79 79 
105 102 80 80 
106 103 82 82 
107 104 83 83 
108 105 85 85 
109 106 87 87 
110 107 88 88 
111 108 90 90 
112 109 92 92 
113 110 94 94 
114 111 96 96 
115 112 98 98 
116 113 100 100 
117 114 102 102 
118 115 104 104 
119 116 106 106 
120 117 109 109 
121 118 111 111 
122 119 113 113 
123 120 116 116 
124 121 118 118 
125 122 121 121 
126 123 124 124 
127 124 126 126 
128 125 129 129 
129 126 131 131 
130 127 134 134 
131 128 137 137 
132 129 139 139 
133 130 142 142 
134 131 144 144 
135 132 146 146 
136 133 149 149 
137 134 151 151 
138 135 153 153 
139 136 155 155 
140 137 157 157 
141 138 159 159 
142 139 161 161 
143 140 163 163 
144 141 165 165 
145 142 167 167 
146 143 168 168 
147 144 170 170 
148 145 172 172 
149 146 173 173 
150 147 175 175 
151 148 176 176 
152 149 178 178 
153 150 179 179 
154 151 181 181 
155 152 182 182 
156 153 183 183 
157 154 185 185 
158 155 186 186 
159 156 187 187 
160 157 188 188 
161 158 189 189 
162 159 191 191 
163 160 192 192 
164 161 193 193 
165 162 194 194 
166 163 195 195 
167 164 196 196 
168 165 197 197 
169 166 198 198 
170 167 199 199 
171 168 200 200 
172 169 201 201 
173 170 202 202 
174 171 203 203 
175 172 204 204 
176 173 205 205 
177 174 205 205 
178 176 206 206 
179 177 207 207 
180 178 208 208 
181 179 209 209 
182 180 210 210 
183 181 210 210 
184 182 211 211 
185 183 212 212 
186 184 213 213 
187 185 214 214 
188 186 214 214 
189 187 215 215 
190 188 216 216 
191 189 217 217 
192 190 217 217 
193 191 218 218 
194 192 219 219 
195 193 219 219 
196 194 220 220 
197 195 221 221 
198 196 221 221 
199 197 222 222 
200 198 223 223 
201 199 223 223 
202 200 224 224 
203 201 225 225 
204 202 225 225 
205 203 226 226 
206 204 227 227 
207 205 227 227 
208 206 228 228 
209 207 229 229 
210 208 229 229 
211 209 230 230 
212 211 230 230 
213 212 231 231 
214 213 232 232 
215 214 232 232 
216 215 233 233 
217 216 233 233 
218 217 234 234 
219 218 235 235 
220 219 235 235 
221 220 236 236 
222 221 236 236 
223 222 237 237 
224 223 238 238 
225 224 238 238 
226 225 239 239 
227 226 239 239 
228 227 240 240 
229 228 240 240 
230 229 241 241 
231 230 242 242 
232 231 242 242 
233 232 243 243 
234 233 243 243 
235 234 244 244 
236 235 244 244 
237 236 245 245 
238 237 246 246 
239 238 246 246 
240 239 247 247 
241 241 247 247 
242 242 248 248 
243 243 248 248 
244 244 249 249 
245 245 249 249 
246 246 250 250 
247 247 251 251 
248 248 251 251 
249 249 252 252 
250 250 252 252 
251 251 253 253 
252 252 253 253 
253 253 254 254 
254 254 254 254 
255 255 255 255