0 0 0 0 0 
1 0 0 0 1 
2 0 0 0 2 
3 0 0 0 3 
4 0 0 0 4 
5 0 0 0 5 
6 0 0 0 6 
7 0 0 0 7 
8 0 0 0 8 
9 0 0 0 9 
10 0 0 0 10 
11 0 0 0 11 
12 0 0 0 12 
13 0 0 0 13 
14 0 0 0 14 
15 0 0 0 15 
16 1 1 1 16 
17 3 3 3 17 
18 4 4 4 18 
19 5 5 5 19 
20 6 6 6 20 
21 8 8 8 21 
22 9 9 9 22 
23 10 10 10 23 
24 11 11 11 24 
25 13 13 13 25 
26 14 14 14 26 
27 15 15 15 27 
28 17 17 17 28 
29 18 18 18 29 
30 19 19 19 30 
31 20 20 20 31 
32 22 22 22 32 
33 23 23 23 33 
34 24 24 24 34 
35 26 26 26 35 
36 27 27 27 36 
37 28 28 28 37 
38 29 29 29 38 
39 31 31 31 39 
40 32 32 32 40 
41 33 33 33 41 
42 34 34 34 42 
43 36 36 36 43 
44 37 37 37 44 
45 38 38 38 45 
46 40 40 40 46 
47 41 41 41 47 
48 42 42 42 48 
49 43 43 43 49 
50 45 45 45 50 
51 46 46 46 51 
52 47 47 47 52 
53 48 48 48 53 
54 50 50 50 54 
55 51 51 51 55 
56 52 52 52 56 
57 54 54 54 57 
58 55 55 55 58 
59 56 56 56 59 
60 57 57 57 60 
61 59 59 59 61 
62 60 60 60 62 
63 61 61 61 63 
64 62 62 62 64 
65 64 64 64 65 
66 65 65 65 66 
67 66 66 66 67 
68 68 68 68 68 
69 69 69 69 69 
70 70 70 70 70 
71 71 71 71 71 
72 73 73 73 72 
73 74 74 74 73 
74 75 75 75 74 
75 77 77 77 75 
76 78 78 78 76 
77 79 79 79 77 
78 80 80 80 78 
79 82 82 82 79 
80 83 83 83 80 
81 84 84 84 81 
82 85 85 85 82 
83 87 87 87 83 
84 88 88 88 84 
85 89 89 89 85 
86 91 91 91 86 
87 92 92 92 87 
88 93 93 93 88 
89 94 94 94 89 
90 96 96 96 90 
91 97 97 97 91 
92 98 98 98 92 
93 99 99 99 93 
94 101 101 101 94 
95 102 102 102 95 
96 103 103 103 96 
97 105 105 105 97 
98 106 106 106 98 
99 107 107 107 99 
100 108 108 108 100 
101 110 110 110 101 
102 111 111 111 102 
103 112 112 112 103 
104 113 113 113 104 
105 115 115 115 105 
106 116 116 116 106 
107 117 117 117 107 
108 119 119 119 108 
109 120 120 120 109 
110 121 121 121 110 
111 122 122 122 111 
112 124 124 124 112 
113 125 125 125 113 
114 126 126 126 114 
115 128 128 128 115 
116 129 129 129 116 
117 130 130 130 117 
118 131 131 131 118 
119 133 133 133 119 
120 134 134 134 120 
121 135 135 135 121 
122 136 136 136 122 
123 138 138 138 123 
124 139 139 139 124 
125 140 140 140 125 
126 142 142 142 126 
127 143 143 143 127 
128 144 144 144 128 
129 145 145 145 129 
130 147 147 147 130 
131 148 148 148 131 
132 149 149 149 132 
133 150 150 150 133 
134 152 152 152 134 
135 153 153 153 135 
136 154 154 154 136 
137 156 156 156 137 
138 157 157 157 138 
139 158 158 158 139 
140 159 159 159 140 
141 161 161 161 141 
142 162 162 162 142 
143 163 163 163 143 
144 164 164 164 144 
145 166 166 166 145 
146 167 167 167 146 
147 168 168 168 147 
148 170 170 170 148 
149 171 171 171 149 
150 172 172 172 150 
151 173 173 173 151 
152 175 175 175 152 
153 176 176 176 153 
154 177 177 177 154 
155 179 179 179 155 
156 180 180 180 156 
157 181 181 181 157 
158 182 182 182 158 
159 184 184 184 159 
160 185 185 185 160 
161 186 186 186 161 
162 187 187 187 162 
163 189 189 189 163 
164 190 190 190 164 
165 191 191 191 165 
166 193 193 193 166 
167 194 194 194 167 
168 195 195 195 168 
169 196 196 196 169 
170 198 198 198 170 
171 199 199 199 171 
172 200 200 200 172 
173 201 201 201 173 
174 203 203 203 174 
175 204 204 204 175 
176 205 205 205 176 
177 207 207 207 177 
178 208 208 208 178 
179 209 209 209 179 
180 210 210 210 180 
181 212 212 212 181 
182 213 213 213 182 
183 214 214 214 183 
184 215 215 215 184 
185 217 217 217 185 
186 218 218 218 186 
187 219 219 219 187 
188 221 221 221 188 
189 222 222 222 189 
190 223 223 223 190 
191 224 224 224 191 
192 226 226 226 192 
193 227 227 227 193 
194 228 228 228 194 
195 230 230 230 195 
196 231 231 231 196 
197 232 232 232 197 
198 233 233 233 198 
199 235 235 235 199 
200 236 236 236 200 
201 237 237 237 201 
202 238 238 238 202 
203 240 240 240 203 
204 241 241 241 204 
205 242 242 242 205 
206 244 244 244 206 
207 245 245 245 207 
208 246 246 246 208 
209 247 247 247 209 
210 249 249 249 210 
211 250 250 250 211 
212 251 251 251 212 
213 252 252 252 213 
214 254 254 254 214 
215 255 255 255 215 
216 255 255 255 216 
217 255 255 255 217 
218 255 255 255 218 
219 255 255 255 219 
220 255 255 255 220 
221 255 255 255 221 
222 255 255 255 222 
223 255 255 255 223 
224 255 255 255 224 
225 255 255 255 225 
226 255 255 255 226 
227 255 255 255 227 
228 255 255 255 228 
229 255 255 255 229 
230 255 255 255 230 
231 255 255 255 231 
232 255 255 255 232 
233 255 255 255 233 
234 255 255 255 234 
235 255 255 255 235 
236 255 255 255 236 
237 255 255 255 237 
238 255 255 255 238 
239 255 255 255 239 
240 255 255 255 240 
241 255 255 255 241 
242 255 255 255 242 
243 255 255 255 243 
244 255 255 255 244 
245 255 255 255 245 
246 255 255 255 246 
247 255 255 255 247 
248 255 255 255 248 
249 255 255 255 249 
250 255 255 255 250 
251 255 255 255 251 
252 255 255 255 252 
253 255 255 255 253 
254 255 255 255 254 
255 255 255 255 255